[views/ok]
version = 6.2.0
modtime = 1416455804.161235000

[history/.dummy_history]
version = 6.2.0
modtime = 1416454788.981538000

[html/ok]
version = 6.2.0
modtime = 1416456328.267780000
