[app/ui]
version = 7.1.4
modtime = 1571253921.085849000

[app/launcher]
version = 7.1.4
modtime = 1571253921.087472000
